304
303
302
301
300
299
298
297
320
319
318
317
316
315
314
313
384
383
382
381
380
379
378
377
400
399
398
397
396
395
394
393
736
735
734
733
732
731
730
729
752
751
750
749
748
747
746
745
992
991
990
989
988
987
986
985
1008
1007
1006
1005
1004
1003
1002
1001
1248
1247
1246
1245
1244
1243
1242
1241
1264
1263
1262
1261
1260
1259
1258
1257
1408
1407
1406
1405
1404
1403
1402
1401
1424
1423
1422
1421
1420
1419
1418
1417
1744
1743
1742
1741
1740
1739
1738
1737
1760
1759
1758
1757
1756
1755
1754
1753
2032
2031
2030
2029
2028
2027
2026
2025
2048
2047
2046
2045
2044
2043
2042
2041
2256
2255
2254
2253
2252
2251
2250
2249
2272
2271
2270
2269
2268
2267
2266
2265
2320
2319
2318
2317
2316
2315
2314
2313
2336
2335
2334
2333
2332
2331
2330
2329
2400
2399
2398
2397
2396
2395
2394
2393
2416
2415
2414
2413
2412
2411
2410
2409
2720
2719
2718
2717
2716
2715
2714
2713
2736
2735
2734
2733
2732
2731
2730
2729
2896
2895
2894
2893
2892
2891
2890
2889
2912
2911
2910
2909
2908
2907
2906
2905
3152
3151
3150
3149
3148
3147
3146
3145
3168
3167
3166
3165
3164
3163
3162
3161
3264
3263
3262
3261
3260
3259
3258
3257
3280
3279
3278
3277
3276
3275
3274
3273
3424
3423
3422
3421
3420
3419
3418
3417
3440
3439
3438
3437
3436
3435
3434
3433
3696
3695
3694
3693
3692
3691
3690
3689
3712
3711
3710
3709
3708
3707
3706
3705
3776
3775
3774
3773
3772
3771
3770
3769
3792
3791
3790
3789
3788
3787
3786
3785
3936
3935
3934
3933
3932
3931
3930
3929
3952
3951
3950
3949
3948
3947
3946
3945
4016
4015
4014
4013
4012
4011
4010
4009
4032
4031
4030
4029
4028
4027
4026
4025
4096
4095
4094
4093
4092
4091
4090
4089
4112
4111
4110
4109
4108
4107
4106
4105
4176
4175
4174
4173
4172
4171
4170
4169
4192
4191
4190
4189
4188
4187
4186
4185
4272
4271
4270
4269
4268
4267
4266
4265
4288
4287
4286
4285
4284
4283
4282
4281
4384
4383
4382
4381
4380
4379
4378
4377
4400
4399
4398
4397
4396
4395
4394
4393
4512
4511
4510
4509
4508
4507
4506
4505
4528
4527
4526
4525
4524
4523
4522
4521
4672
4671
4670
4669
4668
4667
4666
4665
4688
4687
4686
4685
4684
4683
4682
4681
5056
5055
5054
5053
5052
5051
5050
5049
5072
5071
5070
5069
5068
5067
5066
5065
5168
5167
5166
5165
5164
5163
5162
5161
5184
5183
5182
5181
5180
5179
5178
5177
5232
5231
5230
5229
5228
5227
5226
5225
5248
5247
5246
5245
5244
5243
5242
5241
5344
5343
5342
5341
5340
5339
5338
5337
5360
5359
5358
5357
5356
5355
5354
5353
5408
5407
5406
5405
5404
5403
5402
5401
5424
5423
5422
5421
5420
5419
5418
5417
5520
5519
5518
5517
5516
5515
5514
5513
5536
5535
5534
5533
5532
5531
5530
5529
5648
5647
5646
5645
5644
5643
5642
5641
5664
5663
5662
5661
5660
5659
5658
5657
5872
5871
5870
5869
5868
5867
5866
5865
5888
5887
5886
5885
5884
5883
5882
5881
5952
5951
5950
5949
5948
5947
5946
5945
5968
5967
5966
5965
5964
5963
5962
5961
6016
6015
6014
6013
6012
6011
6010
6009
6032
6031
6030
6029
6028
6027
6026
6025
6160
6159
6158
6157
6156
6155
6154
6153
6176
6175
6174
6173
6172
6171
6170
6169
6256
6255
6254
6253
6252
6251
6250
6249
6272
6271
6270
6269
6268
6267
6266
6265
6512
6511
6510
6509
6508
6507
6506
6505
6528
6527
6526
6525
6524
6523
6522
6521
7456
7455
7454
7453
7452
7451
7450
7449
7472
7471
7470
7469
7468
7467
7466
7465
7664
7663
7662
7661
7660
7659
7658
7657
7680
7679
7678
7677
7676
7675
7674
7673
7728
7727
7726
7725
7724
7723
7722
7721
7744
7743
7742
7741
7740
7739
7738
7737
7904
7903
7902
7901
7900
7899
7898
7897
7920
7919
7918
7917
7916
7915
7914
7913
8064
8063
8062
8061
8060
8059
8058
8057
8080
8079
8078
8077
8076
8075
8074
8073
8432
8431
8430
8429
8428
8427
8426
8425
8448
8447
8446
8445
8444
8443
8442
8441
8592
8591
8590
8589
8588
8587
8586
8585
8608
8607
8606
8605
8604
8603
8602
8601
8896
8895
8894
8893
8892
8891
8890
8889
8912
8911
8910
8909
8908
8907
8906
8905
9088
9087
9086
9085
9084
9083
9082
9081
9104
9103
9102
9101
9100
9099
9098
9097
9472
9471
9470
9469
9468
9467
9466
9465
9488
9487
9486
9485
9484
9483
9482
9481
9680
9679
9678
9677
9676
9675
9674
9673
9696
9695
9694
9693
9692
9691
9690
9689
9744
9743
9742
9741
9740
9739
9738
9737
9760
9759
9758
9757
9756
9755
9754
9753
9856
9855
9854
9853
9852
9851
9850
9849
9872
9871
9870
9869
9868
9867
9866
9865
10112
10111
10110
10109
10108
10107
10106
10105
10128
10127
10126
10125
10124
10123
10122
10121
10256
10255
10254
10253
10252
10251
10250
10249
10272
10271
10270
10269
10268
10267
10266
10265
10352
10351
10350
10349
10348
10347
10346
10345
10368
10367
10366
10365
10364
10363
10362
10361
10480
10479
10478
10477
10476
10475
10474
10473
10496
10495
10494
10493
10492
10491
10490
10489
10800
10799
10798
10797
10796
10795
10794
10793
10816
10815
10814
10813
10812
10811
10810
10809
10880
10879
10878
10877
10876
10875
10874
10873
10896
10895
10894
10893
10892
10891
10890
10889
10960
10959
10958
10957
10956
10955
10954
10953
10976
10975
10974
10973
10972
10971
10970
10969
11232
11231
11230
11229
11228
11227
11226
11225
11248
11247
11246
11245
11244
11243
11242
11241
11344
11343
11342
11341
11340
11339
11338
11337
11360
11359
11358
11357
11356
11355
11354
11353
11680
11679
11678
11677
11676
11675
11674
11673
11696
11695
11694
11693
11692
11691
11690
11689
12032
12031
12030
12029
12028
12027
12026
12025
12048
12047
12046
12045
12044
12043
12042
12041
12128
12127
12126
12125
12124
12123
12122
12121
12144
12143
12142
12141
12140
12139
12138
12137
12368
12367
12366
12365
12364
12363
12362
12361
12384
12383
12382
12381
12380
12379
12378
12377
12448
12447
12446
12445
12444
12443
12442
12441
12464
12463
12462
12461
12460
12459
12458
12457
12720
12719
12718
12717
12716
12715
12714
12713
12736
12735
12734
12733
12732
12731
12730
12729
12816
12815
12814
12813
12812
12811
12810
12809
12832
12831
12830
12829
12828
12827
12826
12825
12928
12927
12926
12925
12924
12923
12922
12921
12944
12943
12942
12941
12940
12939
12938
12937
13216
13215
13214
13213
13212
13211
13210
13209
13232
13231
13230
13229
13228
13227
13226
13225
13328
13327
13326
13325
13324
13323
13322
13321
13344
13343
13342
13341
13340
13339
13338
13337
13664
13663
13662
13661
13660
13659
13658
13657
13680
13679
13678
13677
13676
13675
13674
13673
13840
13839
13838
13837
13836
13835
13834
13833
13856
13855
13854
13853
13852
13851
13850
13849
13904
13903
13902
13901
13900
13899
13898
13897
13920
13919
13918
13917
13916
13915
13914
13913
13984
13983
13982
13981
13980
13979
13978
13977
14000
13999
13998
13997
13996
13995
13994
13993
14080
14079
14078
14077
14076
14075
14074
14073
14096
14095
14094
14093
14092
14091
14090
14089
14160
14159
14158
14157
14156
14155
14154
14153
14176
14175
14174
14173
14172
14171
14170
14169
14288
14287
14286
14285
14284
14283
14282
14281
14304
14303
14302
14301
14300
14299
14298
14297
14448
14447
14446
14445
14444
14443
14442
14441
14464
14463
14462
14461
14460
14459
14458
14457
14688
14687
14686
14685
14684
14683
14682
14681
14704
14703
14702
14701
14700
14699
14698
14697
14832
14831
14830
14829
14828
14827
14826
14825
14848
14847
14846
14845
14844
14843
14842
14841
15072
15071
15070
15069
15068
15067
15066
15065
15088
15087
15086
15085
15084
15083
15082
15081
15264
15263
15262
15261
15260
15259
15258
15257
15280
15279
15278
15277
15276
15275
15274
15273
15328
15327
15326
15325
15324
15323
15322
15321
15344
15343
15342
15341
15340
15339
15338
15337
15648
15647
15646
15645
15644
15643
15642
15641
15664
15663
15662
15661
15660
15659
15658
15657
15936
15935
15934
15933
15932
15931
15930
15929
15952
15951
15950
15949
15948
15947
15946
15945
16208
16207
16206
16205
16204
16203
16202
16201
16224
16223
16222
16221
16220
16219
16218
16217
16528
16527
16526
16525
16524
16523
16522
16521
16544
16543
16542
16541
16540
16539
16538
16537
17056
17055
17054
17053
17052
17051
17050
17049
17072
17071
17070
17069
17068
17067
17066
17065
17168
17167
17166
17165
17164
17163
17162
17161
17184
17183
17182
17181
17180
17179
17178
17177
17232
17231
17230
17229
17228
17227
17226
17225
17248
17247
17246
17245
17244
17243
17242
17241
17440
17439
17438
17437
17436
17435
17434
17433
17456
17455
17454
17453
17452
17451
17450
17449
17856
17855
17854
17853
17852
17851
17850
17849
17872
17871
17870
17869
17868
17867
17866
17865
18016
18015
18014
18013
18012
18011
18010
18009
18032
18031
18030
18029
18028
18027
18026
18025
18592
18591
18590
18589
18588
18587
18586
18585
18608
18607
18606
18605
18604
18603
18602
18601
18704
18703
18702
18701
18700
18699
18698
18697
18720
18719
18718
18717
18716
18715
18714
18713
19136
19135
19134
19133
19132
19131
19130
19129
19152
19151
19150
19149
19148
19147
19146
19145
19216
19215
19214
19213
19212
19211
19210
19209
19232
19231
19230
19229
19228
19227
19226
19225
19552
19551
19550
19549
19548
19547
19546
19545
19568
19567
19566
19565
19564
19563
19562
19561
19616
19615
19614
19613
19612
19611
19610
19609
19632
19631
19630
19629
19628
19627
19626
19625
19776
19775
19774
19773
19772
19771
19770
19769
19792
19791
19790
19789
19788
19787
19786
19785
20192
20191
20190
20189
20188
20187
20186
20185
20208
20207
20206
20205
20204
20203
20202
20201
20416
20415
20414
20413
20412
20411
20410
20409
20432
20431
20430
20429
20428
20427
20426
20425
20880
20879
20878
20877
20876
20875
20874
20873
20896
20895
20894
20893
20892
20891
20890
20889
21136
21135
21134
21133
21132
21131
21130
21129
21152
21151
21150
21149
21148
21147
21146
21145
21200
21199
21198
21197
21196
21195
21194
21193
21216
21215
21214
21213
21212
21211
21210
21209
21584
21583
21582
21581
21580
21579
21578
21577
21600
21599
21598
21597
21596
21595
21594
21593
21680
21679
21678
21677
21676
21675
21674
21673
21696
21695
21694
21693
21692
21691
21690
21689
22000
21999
21998
21997
21996
21995
21994
21993
22016
22015
22014
22013
22012
22011
22010
22009
22160
22159
22158
22157
22156
22155
22154
22153
22176
22175
22174
22173
22172
22171
22170
22169
22224
22223
22222
22221
22220
22219
22218
22217
22240
22239
22238
22237
22236
22235
22234
22233
22336
22335
22334
22333
22332
22331
22330
22329
22352
22351
22350
22349
22348
22347
22346
22345
22896
22895
22894
22893
22892
22891
22890
22889
22912
22911
22910
22909
22908
22907
22906
22905
22992
22991
22990
22989
22988
22987
22986
22985
23008
23007
23006
23005
23004
23003
23002
23001
23216
23215
23214
23213
23212
23211
23210
23209
23232
23231
23230
23229
23228
23227
23226
23225
23616
23615
23614
23613
23612
23611
23610
23609
23632
23631
23630
23629
23628
23627
23626
23625
23728
23727
23726
23725
23724
23723
23722
23721
23744
23743
23742
23741
23740
23739
23738
23737
23872
23871
23870
23869
23868
23867
23866
23865
23888
23887
23886
23885
23884
23883
23882
23881
24272
24271
24270
24269
24268
24267
24266
24265
24288
24287
24286
24285
24284
24283
24282
24281
24368
24367
24366
24365
24364
24363
24362
24361
24384
24383
24382
24381
24380
24379
24378
24377
24688
24687
24686
24685
24684
24683
24682
24681
24704
24703
24702
24701
24700
24699
24698
24697
24864
24863
24862
24861
24860
24859
24858
24857
24880
24879
24878
24877
24876
24875
24874
24873
25056
25055
25054
25053
25052
25051
25050
25049
25072
25071
25070
25069
25068
25067
25066
25065
25312
25311
25310
25309
25308
25307
25306
25305
25328
25327
25326
25325
25324
25323
25322
25321
26048
26047
26046
26045
26044
26043
26042
26041
26064
26063
26062
26061
26060
26059
26058
26057
26240
26239
26238
26237
26236
26235
26234
26233
26256
26255
26254
26253
26252
26251
26250
26249
26320
26319
26318
26317
26316
26315
26314
26313
26336
26335
26334
26333
26332
26331
26330
26329
26544
26543
26542
26541
26540
26539
26538
26537
26560
26559
26558
26557
26556
26555
26554
26553
26672
26671
26670
26669
26668
26667
26666
26665
26688
26687
26686
26685
26684
26683
26682
26681
26848
26847
26846
26845
26844
26843
26842
26841
26864
26863
26862
26861
26860
26859
26858
26857
27008
27007
27006
27005
27004
27003
27002
27001
27024
27023
27022
27021
27020
27019
27018
27017
27120
27119
27118
27117
27116
27115
27114
27113
27136
27135
27134
27133
27132
27131
27130
27129
27664
27663
27662
27661
27660
27659
27658
27657
27680
27679
27678
27677
27676
27675
27674
27673
27744
27743
27742
27741
27740
27739
27738
27737
27760
27759
27758
27757
27756
27755
27754
27753
27856
27855
27854
27853
27852
27851
27850
27849
27872
27871
27870
27869
27868
27867
27866
27865
28656
28655
28654
28653
28652
28651
28650
28649
28672
28671
28670
28669
28668
28667
28666
28665
28816
28815
28814
28813
28812
28811
28810
28809
28832
28831
28830
28829
28828
28827
28826
28825
28960
28959
28958
28957
28956
28955
28954
28953
28976
28975
28974
28973
28972
28971
28970
28969
29280
29279
29278
29277
29276
29275
29274
29273
29296
29295
29294
29293
29292
29291
29290
29289
29376
29375
29374
29373
29372
29371
29370
29369
29392
29391
29390
29389
29388
29387
29386
29385
29456
29455
29454
29453
29452
29451
29450
29449
29472
29471
29470
29469
29468
29467
29466
29465
29632
29631
29630
29629
29628
29627
29626
29625
29648
29647
29646
29645
29644
29643
29642
29641
29728
29727
29726
29725
29724
29723
29722
29721
29744
29743
29742
29741
29740
29739
29738
29737
29856
29855
29854
29853
29852
29851
29850
29849
29872
29871
29870
29869
29868
29867
29866
29865
29920
29919
29918
29917
29916
29915
29914
29913
29936
29935
29934
29933
29932
29931
29930
29929
30304
30303
30302
30301
30300
30299
30298
30297
30320
30319
30318
30317
30316
30315
30314
30313
30496
30495
30494
30493
30492
30491
30490
30489
30512
30511
30510
30509
30508
30507
30506
30505
30720
30719
30718
30717
30716
30715
30714
30713
30736
30735
30734
30733
30732
30731
30730
30729
30912
30911
30910
30909
30908
30907
30906
30905
30928
30927
30926
30925
30924
30923
30922
30921
30976
30975
30974
30973
30972
30971
30970
30969
30992
30991
30990
30989
30988
30987
30986
30985
31200
31199
31198
31197
31196
31195
31194
31193
31216
31215
31214
31213
31212
31211
31210
31209
31344
31343
31342
31341
31340
31339
31338
31337
31360
31359
31358
31357
31356
31355
31354
31353
31456
31455
31454
31453
31452
31451
31450
31449
31472
31471
31470
31469
31468
31467
31466
31465
31600
31599
31598
31597
31596
31595
31594
31593
31616
31615
31614
31613
31612
31611
31610
31609
31680
31679
31678
31677
31676
31675
31674
31673
31696
31695
31694
31693
31692
31691
31690
31689
32032
32031
32030
32029
32028
32027
32026
32025
32048
32047
32046
32045
32044
32043
32042
32041
32432
32431
32430
32429
32428
32427
32426
32425
32448
32447
32446
32445
32444
32443
32442
32441
32688
32687
32686
32685
32684
32683
32682
32681
32704
32703
32702
32701
32700
32699
32698
32697
32800
32799
32798
32797
32796
32795
32794
32793
32816
32815
32814
32813
32812
32811
32810
32809
32896
32895
32894
32893
32892
32891
32890
32889
32912
32911
32910
32909
32908
32907
32906
32905
32960
32959
32958
32957
32956
32955
32954
32953
32976
32975
32974
32973
32972
32971
32970
32969
33056
33055
33054
33053
33052
33051
33050
33049
33072
33071
33070
33069
33068
33067
33066
33065
33200
33199
33198
33197
33196
33195
33194
33193
33216
33215
33214
33213
33212
33211
33210
33209
33536
33535
33534
33533
33532
33531
33530
33529
33552
33551
33550
33549
33548
33547
33546
33545
33616
33615
33614
33613
33612
33611
33610
33609
33632
33631
33630
33629
33628
33627
33626
33625
33952
33951
33950
33949
33948
33947
33946
33945
33968
33967
33966
33965
33964
33963
33962
33961
34064
34063
34062
34061
34060
34059
34058
34057
34080
34079
34078
34077
34076
34075
34074
34073
34160
34159
34158
34157
34156
34155
34154
34153
34176
34175
34174
34173
34172
34171
34170
34169
34464
34463
34462
34461
34460
34459
34458
34457
34480
34479
34478
34477
34476
34475
34474
34473
34704
34703
34702
34701
34700
34699
34698
34697
34720
34719
34718
34717
34716
34715
34714
34713
35456
35455
35454
35453
35452
35451
35450
35449
35472
35471
35470
35469
35468
35467
35466
35465
35536
35535
35534
35533
35532
35531
35530
35529
35552
35551
35550
35549
35548
35547
35546
35545
35600
35599
35598
35597
35596
35595
35594
35593
35616
35615
35614
35613
35612
35611
35610
35609
35792
35791
35790
35789
35788
35787
35786
35785
35808
35807
35806
35805
35804
35803
35802
35801
36192
36191
36190
36189
36188
36187
36186
36185
36208
36207
36206
36205
36204
36203
36202
36201
36272
36271
36270
36269
36268
36267
36266
36265
36288
36287
36286
36285
36284
36283
36282
36281
36416
36415
36414
36413
36412
36411
36410
36409
36432
36431
36430
36429
36428
36427
36426
36425
36496
36495
36494
36493
36492
36491
36490
36489
36512
36511
36510
36509
36508
36507
36506
36505
36624
36623
36622
36621
36620
36619
36618
36617
36640
36639
36638
36637
36636
36635
36634
36633
36752
36751
36750
36749
36748
36747
36746
36745
36768
36767
36766
36765
36764
36763
36762
36761
36848
36847
36846
36845
36844
36843
36842
36841
36864
36863
36862
36861
36860
36859
36858
36857
37088
37087
37086
37085
37084
37083
37082
37081
37104
37103
37102
37101
37100
37099
37098
37097
37216
37215
37214
37213
37212
37211
37210
37209
37232
37231
37230
37229
37228
37227
37226
37225
37328
37327
37326
37325
37324
37323
37322
37321
37344
37343
37342
37341
37340
37339
37338
37337
37392
37391
37390
37389
37388
37387
37386
37385
37408
37407
37406
37405
37404
37403
37402
37401
37808
37807
37806
37805
37804
37803
37802
37801
37824
37823
37822
37821
37820
37819
37818
37817
37872
37871
37870
37869
37868
37867
37866
37865
37888
37887
37886
37885
37884
37883
37882
37881
37936
37935
37934
37933
37932
37931
37930
37929
37952
37951
37950
37949
37948
37947
37946
37945
38160
38159
38158
38157
38156
38155
38154
38153
38176
38175
38174
38173
38172
38171
38170
38169
38352
38351
38350
38349
38348
38347
38346
38345
38368
38367
38366
38365
38364
38363
38362
38361
38448
38447
38446
38445
38444
38443
38442
38441
38464
38463
38462
38461
38460
38459
38458
38457
38624
38623
38622
38621
38620
38619
38618
38617
38640
38639
38638
38637
38636
38635
38634
38633
39088
39087
39086
39085
39084
39083
39082
39081
39104
39103
39102
39101
39100
39099
39098
39097
39280
39279
39278
39277
39276
39275
39274
39273
39296
39295
39294
39293
39292
39291
39290
39289
39424
39423
39422
39421
39420
39419
39418
39417
39440
39439
39438
39437
39436
39435
39434
39433
39568
39567
39566
39565
39564
39563
39562
39561
39584
39583
39582
39581
39580
39579
39578
39577
40032
40031
40030
40029
40028
40027
40026
40025
40048
40047
40046
40045
40044
40043
40042
40041
40192
40191
40190
40189
40188
40187
40186
40185
40208
40207
40206
40205
40204
40203
40202
40201
40336
40335
40334
40333
40332
40331
40330
40329
40352
40351
40350
40349
40348
40347
40346
40345
40480
40479
40478
40477
40476
40475
40474
40473
40496
40495
40494
40493
40492
40491
40490
40489
40560
40559
40558
40557
40556
40555
40554
40553
40576
40575
40574
40573
40572
40571
40570
40569
40752
40751
40750
40749
40748
40747
40746
40745
40768
40767
40766
40765
40764
40763
40762
40761
40992
40991
40990
40989
40988
40987
40986
40985
41008
41007
41006
41005
41004
41003
41002
41001
41168
41167
41166
41165
41164
41163
41162
41161
41184
41183
41182
41181
41180
41179
41178
41177
41408
41407
41406
41405
41404
41403
41402
41401
41424
41423
41422
41421
41420
41419
41418
41417
41536
41535
41534
41533
41532
41531
41530
41529
41552
41551
41550
41549
41548
41547
41546
41545
41616
41615
41614
41613
41612
41611
41610
41609
41632
41631
41630
41629
41628
41627
41626
41625
41776
41775
41774
41773
41772
41771
41770
41769
41792
41791
41790
41789
41788
41787
41786
41785
42224
42223
42222
42221
42220
42219
42218
42217
42240
42239
42238
42237
42236
42235
42234
42233
42384
42383
42382
42381
42380
42379
42378
42377
42400
42399
42398
42397
42396
42395
42394
42393
42528
42527
42526
42525
42524
42523
42522
42521
42544
42543
42542
42541
42540
42539
42538
42537
42656
42655
42654
42653
42652
42651
42650
42649
42672
42671
42670
42669
42668
42667
42666
42665
42752
42751
42750
42749
42748
42747
42746
42745
42768
42767
42766
42765
42764
42763
42762
42761
42944
42943
42942
42941
42940
42939
42938
42937
42960
42959
42958
42957
42956
42955
42954
42953
43168
43167
43166
43165
43164
43163
43162
43161
43184
43183
43182
43181
43180
43179
43178
43177
43344
43343
43342
43341
43340
43339
43338
43337
43360
43359
43358
43357
43356
43355
43354
43353
43616
43615
43614
43613
43612
43611
43610
43609
43632
43631
43630
43629
43628
43627
43626
43625
44032
44031
44030
44029
44028
44027
44026
44025
44048
44047
44046
44045
44044
44043
44042
44041
44256
44255
44254
44253
44252
44251
44250
44249
44272
44271
44270
44269
44268
44267
44266
44265
44480
44479
44478
44477
44476
44475
44474
44473
44496
44495
44494
44493
44492
44491
44490
44489
44640
44639
44638
44637
44636
44635
44634
44633
44656
44655
44654
44653
44652
44651
44650
44649
44784
44783
44782
44781
44780
44779
44778
44777
320
320
320
320
320
320
320
320
320
320
320
320
320
320
320
320
320
320
320
320
320
320
320
320
320
320
320
320
320
320
320
320
320
320
320
320
320
320
320
320
320
320
320
320
320
320
320
320
320
320
320
320
320
320
320
320
320
320
320
320
320
320
320
320
320
320
320
320
320
320
320
320
320
320
320
320
320
320
320
320
320
320
320
320
320
320
320
320
320
320
320
320
320
320
320
320
320
320
320
320
320
320
320
320
320
320
320
320
320
320
320
320
320
320
320
320
320
320
320
320
320
320
320
320
320
320
320
320
320
320
320
320
320
320
320
320
320
320
320
320
320
320
320
320
320
320
320
320
320
320
320
320
320
320
320
320
320
320
320
320
320
320
320
320
320
320
320
320
320
320
320
320
320
320
320
320
320
320
320
320
320
320
320
320
320
320
320
320
320
320
320
320
320
320
320
320
320
320
320
320
320
320
320
320
320
320
320
320
320
320
320
320
320
320
320
320
320
320
320
320
320
320
320
320
320
320
320
320
320
320
320
320
320
320
320
320
320
320
320
320
320
320
320
320
320
320
320
320
320
320
320
320
320
320
320
320
320
320
320
320
320
320
320
320
320
320
320
320
320
320
320
320
320
320
320
320
320
320
320
320
320
320
320
320
320
320
320
320
320
320
320
320
320
320
320
320
320
320
320
320
320
320
320
320
320
320
320
320
320
320
320
320
320
320
320
320
320
320
320
320
320
320
320
320
320
320
320
320
320
320
320
320
320
320
320
320
320
320
320
320
320
320
320
320
320
320
320
320
320
320
320
320
320
320
320
320
320
320
320
320
320
320
320
320
320
320
320
320
320
320
320
320
320
320
320
320
320
320
320
320
320
320
320
320
320
320
320
320
320
320
320
320
320
320
320
320
320
320
320
320
320
320
320
320
320
320
320
320
320
320
320
320
320
320
320
320
320
320
320
320
320
320
320
320
320
320
320
320
320
320
320
320
320
320
320
320
320
320
320
320
320
320
320
320
320
320
320
320
320
320
320
320
320
320
320
320
320
320
320
320
320
320
320
320
320
320
320
320
320
320
320
320
320
320
320
320
320
320
320
320
320
320
320
320
320
320
320
320
320
320
320
320
320
320
320
320
320
320
320
320
320
320
320
320
320
320
320
320
320
320
320
320
320
320
320
320
320
320
320
320
320
320
320
320
320
320
320
320
320
320
320
320
320
320
320
320
320
320
320
320
320
320
320
320
320
320
320
320
320
320
320
320
320
320
320
320
320
320
320
320
320
320
320
320
320
320
320
320
320
320
320
320
320
320
320
320
320
320
320
320
320
320
320
320
320
320
320
320
320
320
320
320
320
320
320
320
320
320
320
320
320
320
320
320
320
320
320
320
320
320
320
320
320
320
320
320
320
320
320
320
320
320
320
320
320
320
320
320
320
320
320
320
320
320
320
320
320
320
320
320
320
320
320
320
320
320
320
320
320
320
320
320
320
320
320
320
320
320
320
320
320
320
320
320
320
320
320
320
320
320
320
320
320
320
320
320
320
320
320
320
320
320
320
320
320
320
320
320
320
320
320
320
320
320
320
320
320
320
320
320
320
320
320
320
320
320
320
320
320
320
320
320
320
320
320
320
320
320
320
320
320
320
320
320
320
320
320
320
320
320
320
320
320
320
320
320
320
320
320
320
320
320
320
320
320
320
320
320
320
320
320
320
320
320
320
320
320
320
320
320
320
320
320
320
320
320
320
320
320
320
320
320
320
320
320
320
320
320
320
320
320
320
320
320
320
320
320
320
320
320
320
320
320
320
320
320
320
320
320
320
320
320
320
320
320
320
320
320
320
320
320
320
320
320
320
320
320
320
320
320
320
320
320
320
320
320
320
320
320
320
320
320
320
320
320
320
320
320
320
320
320
320
320
320
320
320
320
320
320
320
320
320
320
320
320
320
320
320
320
320
320
320
320
320
320
320
320
320
320
320
320
320
320
320
320
320
320
320
320
320
320
320
320
320
320
320
320
320
320
320
320
320
320
320
320
320
320
320
320
320
320
320
320
320
320
320
320
320
320
320
320
320
320
320
320
320
320
320
320
320
320
320
320
320
320
320
320
320
320
320
320
320
320
320
320
320
320
320
320
320
320
320
320
320
320
320
320
320
320
320
320
320
320
320
320
320
320
320
320
320
320
320
320
320
320
320
320
320
320
320
320
320
320
320
320
320
320
320
320
320
320
320
320
320
320
320
320
320
320
320
320
320
320
320
320
320
320
320
320
320
320
320
320
320
320
320
320
320
320
320
320
320
320
320
320
320
320
320
320
320
320
320
320
320
320
320
320
320
320
320
320
320
320
320
320
320
320
320
320
320
320
320
320
320
320
320
320
320
320
320
320
320
320
320
320
320
320
320
320
320
320
320
320
320
320
320
320
320
320
320
320
320
320
320
320
320
320
320
320
320
320
320
320
320
320
320
320
320
320
320
320
320
320
320
320
320
320
320
320
320
320
320
320
320
320
320
320
320
320
320
320
320
320
320
320
320
320
320
320
320
320
320
320
320
320
320
320
320
320
320
320
320
320
320
320
320
320
320
320
320
320
320
320
320
320
320
320
320
320
320
320
320
320
320
320
320
320
320
320
320
320
320
320
320
320
320
320
320
320
320
320
320
320
320
320
320
320
320
320
320
320
320
320
320
320
320
320
320
320
320
320
320
320
320
320
320
320
320
320
320
320
320
320
320
320
320
320
320
320
320
320
320
320
320
320
320
320
320
320
320
320
320
320
320
320
320
320
320
320
320
320
320
320
320
320
320
320
320
320
320
320
320
320
320
320
320
320
320
320
320
320
320
320
320
320
320
320
320
320
320
320
320
320
320
320
320
320
320
320
320
320
320
320
320
320
320
320
320
320
320
320
320
320
320
320
320
320
320
320
320
320
320
320
320
320
320
320
320
320
320
320
320
320
320
320
320
320
320
320
320
320
320
320
320
320
320
320
320
320
320
320
320
320
320
320
320
320
320
320
320
320
320
320
320
320
320
320
320
320
320
320
320
320
320
320
320
320
320
320
320
320
320
320
320
320
320
320
320
320
320
320
320
320
320
320
320
320
320
320
320
320
320
320
320
320
320
320
320
320
320
320
320
320
320
320
320
320
320
320
320
320
320
320
320
320
320
320
320
320
320
320
320
320
320
320
320
320
320
320
320
320
320
320
320
320
320
320
320
320
320
320
320
320
320
320
320
320
320
320
320
320
320
320
320
320
320
320
320
320
320
320
320
320
320
320
320
320
320
320
320
320
320
320
320
320
320
320
320
320
320
320
320
320
320
320
320
320
320
320
320
320
320
320
320
320
320
320
320
320
320
320
320
320
320
320
320
320
320
320
320
320
320
320
320
320
320
320
320
320
320
320
320
320
320
320
320
320
320
320
320
320
320
320
320
320
320
320
320
320
320
320
320
320
320
320
320
320
320
320
320
320
320
320
320
320
320
320
320
320
320
320
320
320
320
320
320
320
320
320
320
320
320
320
320
320
320
320
320
320
320
320
320
320
320
320
320
320
320
320
320
320
320
320
320
320
320
320
320
320
320
320
320
320
320
320
320
320
320
320
320
320
320
320
320
320
320
320
320
320
320
320
320
320
320
320
320
320
320
320
320
320
320
320
320
320
320
320
320
320
320
320
320
320
320
320
320
320
320
320
320
320
320
320
320
320
320
320
320
320
320
320
320
320
320
320
320
320
320
320
320
320
320
320
320
320
320
320
320
320
320
320
320
320
320
320
320
320
320
320
320
320
320
320
320
320
320
320
320
320
320
320
320
320
320
320
320
320
320
320
320
320
320
320
320
320
320
320
320
320
320
320
320
320
320
320
320
320
320
320
320
320
320
320
320
320
320
320
320
320
320
320
320
320
320
320
320
320
320
320
320
320
320
320
320
320
320
320
320
320
320
320
320
320
320
320
320
320
320
320
320
320
320
320
320
320
320
320
320
320
320
320
320
320
320
320
320
320
320
320
320
320
320
320
320
320
320
320
320
320
320
320
320
320
320
320
320
320
320
320
320
320
320
320
320
320
320
320
320
320
320
320
320
320
320
320
320
320
320
320
320
320
320
320
320
320
320
320
320
320
320
320
320
320
320
320
320
320
320
320
320
320
320
320
320
320
320
320
320
320
320
320
320
320
320
320
320
320
320
320
320
320
320
320
320
320
320
320
320
320
320
320
320
320
320
320
320
320
320
320
320
320
320
320
320
320
320
320
320
320
320
320
320
320
320
320
320
320
320
320
320
320
320
320
320
320
320
320
320
320
320
320
320
320
320
320
320
320
320
320
320
320
320
320
320
320
320
320
320
320
320
320
320
320
320
320
320
320
320
320
320
320
320
320
320
320
320
320
320
320
320
320
320
320
320
320
320
320
320
320
320
320
320
320
320
320
320
320
320
320
320
320
320
320
320
320
320
320
320
320
320
320
320
320
320
320
320
320
320
320
320
320
320
320
320
320
320
320
320
320
320
320
320
320
320
320
320
320
320
320
320
320
320
320
320
320
320
320
320
320
320
320
320
320
320
320
320
